INSERT INTO MakePublish (gid, did, pid) VALUES
(12140, 64, 66),
(20200, 55, 56),
(22670, 80, 79),
(42500, 15, 33),
(231330, 82, 77),
(262150, 83, 93),
(290870, 9, 11),
(301700, 14, 36),
(320150, 49, 50),
(346560, 37, 40),
(368080, 33, 18),
(372890, 11, 14),
(396640, 16, 17),
(424060, 8, 10),
(433450, 2, 2),
(434030, 29, 32),
(457140, 34, 37),
(464230, 66, 67),
(485000, 91, 88),
(514870, 27, 30),
(541570, 59, 60),
(548290, 70, 69),
(552350, 90, 86),
(572510, 86, 34),
(575760, 89, 85),
(587490, 40, 3),
(589250, 61, 62),
(652160, 47, 48),
(655370, 67, 87),
(658970, 25, 28),
(677880, 93, 91),
(695420, 60, 61),
(718350, 7, 9),
(726020, 62, 63),
(763550, 79, 78),
(793990, 44, 46),
(817370, 39, 42),
(825930, 19, 23),
(863490, 48, 49),
(870000, 65, 65),
(897820, 45, 21),
(955490, 81, 80),
(968580, 7, 9),
(1022840, 57, 29),
(1023420, 22, 25),
(1056520, 13, 16),
(1066890, 63, 64),
(1095380, 78, 75),
(1097880, 31, 20),
(1119070, 74, 73),
(1128520, 75, 74),
(1131550, 71, 70),
(1135380, 97, 96),
(1139950, 87, 83),
(1141880, 1, 1),
(1144900, 30, 35),
(1158910, 12, 15),
(1177420, 23, 26),
(1178150, 26, 12),
(1192900, 6, 8),
(1194940, 36, 39),
(1225870, 73, 72),
(1241110, 46, 47),
(1281400, 77, 22),
(1292520, 92, 89),
(1293830, 58, 90),
(1294780, 41, 43),
(1330820, 68, 92),
(1342850, 18, 19),
(1355720, 50, 51),
(1362670, 43, 45),
(1374280, 24, 27),
(1431470, 76, 76),
(1445370, 28, 31),
(1454010, 53, 54),
(1467330, 42, 44),
(1469160, 0, 0),
(1509640, 88, 84),
(1608620, 3, 4),
(1620060, 4, 5),
(1621490, 21, 24),
(1647430, 51, 52),
(1659180, 38, 41),
(1662060, 72, 59),
(1684530, 54, 55),
(1709450, 20, 7),
(1727670, 94, 94),
(1729790, 84, 81),
(1732930, 10, 13),
(1746130, 17, 71),
(1774810, 35, 38),
(1777550, 98, 97),
(1794920, 85, 82),
(1845050, 5, 6),
(1886290, 56, 58),
(1944730, 32, 34),
(1968760, 95, 95),
(1995240, 52, 53),
(2004200, 96, 57),
(2073470, 69, 68);